5526.099    5519.253    -5519.253   0.630712    0.03756515  -0.03756515
68005.063   496.446 -496.446    0.3524676   0.02146235  -0.02146235
177581.885  736.755 -736.755    0.2715587   0.02036057  -0.02036057
195016.069  471.372 -471.372    0.2944645   0.01904034  -0.01904034
269693.093  496.446 -496.446    0.3032225   0.02039871  -0.02039871
281578.457  666.942 -666.942    0.237666    0.0145892   -0.0145892
314978.887  566.576 -566.576    0.2296567   0.01562658  -0.01562658
332302.308  704.551 -704.551    0.2542294   0.01454082  -0.01454082
452656.863  525.222 -525.222    0.208035    0.01661901  -0.01661901
463725.793  80.234  -80.234 0.1920002   0.03725984  -0.03725984
527627.405  679.478 -679.478    0.2447911   0.01573794  -0.01573794
533350.341  655.825 -655.825    0.2429037   0.01645167  -0.01645167
614370.544  456.395 -456.395    0.1873059   0.01563777  -0.01563777
619699.375  451.608 -451.608    0.1980716   0.02165757  -0.02165757
700125.472  620.391 -620.391    0.2215071   0.01512008  -0.01512008
711772.795  612.841 -612.841    0.190408    0.01367697  -0.01367697
786122.259  664.109 -664.109    0.2386642   0.0143757   -0.0143757
808962.863  623.369 -623.369    0.2381882   0.01615815  -0.01615815
843164.576  621.673 -621.673    0.2675075   0.01718433  -0.01718433
860380.885  806.184 -806.184    0.3187147   0.01792667  -0.01792667
957471.229  328.314 -328.314    0.192352    0.01946612  -0.01946612
975130.787  776.094 -776.094    0.15089 0.01207805  -0.01207805
1049711.110 775.761 -775.761    0.1180204   0.01042411  -0.01042411
1098395.302 43710.005   -43710.005  0.1505249   0.009079221 -0.009079221
1153788.558 678.043 -678.043    0.1510167   0.01327321  -0.01327321
1178299.188 3168.343    -3168.343   0.1243496   0.01618418  -0.01618418
1205327.916 799.035 -799.035    0.1475364   0.01068521  -0.01068521
1276504.932 3721.784    -3721.784   0.1741589   0.0104154   -0.0104154
1325840.580 524.026 -524.026    0.1235768   0.01192286  -0.01192286
1368300.205 9426.857    -9426.857   0.1021741   0.006941311 -0.006941311
1448662.346 3702.392    -3702.392   0.1312452   0.007261587 -0.007261587
1485812.303 274.549 -274.549    0.171746    0.01944208  -0.01944208
1540488.520 3618.602    -3618.602   0.2132837   0.008971376 -0.008971376
1584103.223 502.714 -502.714    0.2378147   0.0166894   -0.0166894
1617809.832 516.504 -516.504    0.1723123   0.01386526  -0.01386526
1667207.025 3738.961    -3738.961   0.1005452   0.007687093 -0.007687093
1703813.039 552.860 -552.86 0.06448304  0.008438128 -0.008438128
1759328.155 3657.681    -3657.681   0.06408866  0.007085164 -0.007085164
1796190.951 515.250 -515.25 0.159832    0.0133052   -0.0133052
1846112.418 2974.305    -2974.305   0.2355208   0.03208685  -0.03208685
1881718.234 488.923 -488.923    0.1981071   0.01530192  -0.01530192
1924786.448 3066.691    -3066.691   0.1031074   0.009741363 -0.009741363
1931353.664 3650.963    -3650.963   0.05247578  0.01633629  -0.01355949
1963055.982 511.489 -511.489    0.04616761  0.007465273 -0.007465273
2014863.201 482.655 -482.655    0.0500423   0.01056076  -0.01056076
2074587.559 3278.263    -3278.263   0.04932236  0.006223765 -0.006223765
2279133.151 6091.647    -6091.647   0.1139015   0.01267058  -0.01267058
2352370.437 414.741 -414.741    0.05438433  0.008942439 -0.008942439
2427002.713 724.610 -724.61 0.02935445  0.005054354 -0.005054354
2634517.768 688.258 -688.258    0.07720081  0.008274121 -0.008274121
2691921.553 23505.222   -23505.222  0.05770389  0.003720243 -0.003720243
2748339.000 807.351 -807.351    0.04959551  0.00642402  -0.00642402
2920545.488 740.907 -740.907    0.06843363  0.008403517 -0.008403517
3063789.325 476.387 -476.387    0.03065549  0.006380456 -0.006380456
3095111.780 8993.166    -8993.166   0.02459849  0.00549002  -0.00549002
3190229.212 754.697 -754.697    0.01403874  0.003541183 -0.003541183
3260007.847 577.933 -577.933    0.01368091  0.004301895 -0.003594677
3345129.014 778.517 -778.517    0.03617438  0.005483632 -0.005483632
3523044.491 760.966 -760.966    0.03971037  0.005732919 -0.005732919
3666331.942 683.239 -683.239    0.01795101  0.004160634 -0.004160634
3758197.386 748.429 -748.429    0.01732384  0.004644323 -0.004644323
3795096.792 8970.668    -8970.668   0.01465661  0.003571259 -0.003571259
3884680.449 325.949 -325.949    0.01103766  0.00544029  -0.004126192
4056153.526 17553.226   -17553.226  0.01681018  0.003047911 -0.003047911
4257330.560 23674.603   -23674.603  0.00625835  0.001936772 -0.001619237
4446184.848 240.701 -240.701    0.01081456  0.006635922 -0.004896922
5743903.608 41243.139   -41243.139  0.001471655 0.0005508822    -0.000449718
